# temperature [K], pressure [bar], H2O, H2, He, 12CO
1.688267290516839239e+03 1.389139705019461322e-06 3.898047643322887553e-04 5.566827255417693410e-01 1.150779678694581198e-01 4.687824909186840664e-04
1.711137482579103107e+03 2.470278535103651046e-06 3.912113963181254855e-04 5.654901422426976687e-01 1.163752836443441574e-01 4.703632714351383185e-04
1.735457721152842396e+03 4.392845456035934776e-06 3.923917688047470417e-04 5.730439612375999303e-01 1.174847175151981088e-01 4.717094882703065173e-04
1.763359692860087989e+03 7.811706625951745590e-06 3.930040992434560843e-04 5.775198409628166107e-01 1.181407196829381695e-01 4.725039370928013995e-04
1.796690912105505731e+03 1.389139705019461576e-05 4.093442951309473666e-04 5.774655515769703262e-01 1.181334597283481003e-01 4.724967575240124145e-04
1.835579860581404773e+03 2.470278535103651046e-05 4.049170723614298629e-04 5.737126733053616867e-01 1.175829382879737123e-01 4.718336019855067518e-04
1.878195743230691960e+03 4.392845456035935454e-05 4.035464119841582296e-04 5.681523054367170200e-01 1.167667513072933178e-01 4.708481215209187097e-04
1.924079706570815006e+03 7.811706625951745590e-05 4.017806576150693520e-04 5.611206445077582261e-01 1.157323052094957894e-01 4.695941691430046056e-04
1.973782234393376712e+03 1.389139705019461441e-04 3.995138993063466169e-04 5.523326446365343090e-01 1.144358113038399793e-01 4.680151704559999660e-04
2.027864130786770374e+03 2.470278535103651182e-04 3.965991877119130456e-04 5.414148061499931552e-01 1.128192913348125132e-01 4.660351668692724208e-04
2.087052564807589988e+03 4.392845456035935183e-04 3.928250945635577431e-04 5.278622947572491064e-01 1.108034431837714995e-01 4.635486399824913055e-04
2.152025854064357191e+03 7.811706625951745590e-04 3.879405131887361108e-04 5.112201404139259386e-01 1.083134906696213706e-01 4.604504222793581801e-04
2.224451569643621951e+03 1.389139705019461386e-03 3.813273748382603012e-04 4.899748190982707863e-01 1.051103547518247028e-01 4.564201398849151992e-04
2.308496799092344190e+03 2.470278535103650856e-03 3.714122127053410801e-04 4.602247728835779372e-01 1.005756270492950688e-01 4.506255461377292409e-04
2.406851782666637973e+03 4.392845456035934966e-03 3.564633581382822196e-04 4.197919758100434051e-01 9.431104752087411669e-02 4.424410917276535367e-04
2.517372486829234731e+03 7.811706625951745156e-03 3.360240975556883338e-04 3.720984763294760134e-01 8.674878731774630924e-02 4.322612973716834575e-04
2.637741245906130189e+03 1.389139705019461560e-02 3.101053792026231591e-04 3.214751773528179979e-01 7.847752655064718641e-02 4.207125879285172378e-04
2.768368866724485997e+03 2.470278535103651030e-02 2.783003079317471467e-04 2.701920934368158833e-01 6.977898205584666391e-02 4.080416310999042612e-04
2.910873013514718878e+03 4.392845456035934792e-02 2.405561315897080483e-04 2.200647137617595395e-01 6.087321756456600536e-02 3.944297779020413536e-04
3.067461417674841869e+03 7.811706625951746197e-02 1.978103295418299188e-04 1.727239873951456617e-01 5.196456007373629477e-02 3.800598455215092267e-04
3.240811255283905666e+03 1.389139705019461490e-01 1.527390260695976956e-04 1.298609726705130807e-01 4.329883628052602629e-02 3.652235533038389131e-04
3.433316167609739750e+03 2.470278535103651030e-01 1.100326254447261948e-04 9.337449891877323827e-02 3.523602958698773130e-02 3.504997478696711324e-04
3.647069595527852016e+03 4.392845456035935348e-01 7.424267940903314102e-05 6.441009855688228924e-02 2.810352182619455311e-02 3.365573981215687219e-04
3.885951191814075628e+03 7.811706625951745364e-01 4.712304875241938798e-05 4.268581839483348572e-02 2.201671522403656975e-02 3.237502185026060728e-04
4.158455313164196923e+03 1.389139705019461379e+00 2.780577666510307563e-05 2.687485351052909532e-02 1.685141077840397739e-02 3.117239053041898186e-04
4.471663573870710024e+03 2.470278535103651141e+00 1.534470888952905866e-05 1.608858742072877268e-02 1.262233454797031737e-02 2.992290037564418578e-04
4.851049467191284748e+03 4.392845456035935570e+00 7.680115793338236738e-06 8.642855023369647866e-03 8.973601888271691765e-03 2.778898437723992493e-04
5.352424006763081707e+03 7.811706625951745586e+00 3.398794943259567682e-06 3.712006111492511737e-03 5.708555751846327089e-03 2.147947595296593852e-04
6.071889939841399610e+03 1.389139705019461424e+01 1.211263634566259480e-06 1.136716737705417007e-03 3.077624563659863300e-03 8.169263918627510607e-05
7.156862678848332507e+03 2.470278535103651052e+01 2.596032037335507491e-07 2.467000948667276254e-04 1.408280466571827216e-03 8.714826518428473131e-06
8.685741776228360322e+03 4.392845456035934859e+01 4.940250784624233538e-08 5.416142837326506779e-05 6.537978204228233345e-04 6.078182403032956256e-07
1.060790529883519957e+04 7.811706625951745764e+01 3.487969062987835529e-08 4.137160530025127463e-05 5.702601182425854872e-04 1.896307508073666645e-07
1.292357389199946192e+04 1.389139705019461530e+02 8.491853939325937435e-08 1.016109591390013605e-04 8.971825064929957140e-04 2.527081741525725355e-07
1.570405031184979634e+04 2.470278535103651052e+02 2.617432796442669143e-07 3.106047227532293589e-04 1.581158790178148216e-03 4.470147271026892703e-07
